//count_tokens(`

// My contest entry
function sounds_contest_entry() {
    const transformer = adsr(0.7, 0.3, 0, 0);
    const part_1 = list(76, 12, 76, 12, 20, 12, 76, 12, 20, 12, 72, 12, 76, 12, 20, 12, 79, 12, 20, 
    36, 67, 12, 20, 36);
    const part_2 = list(72, 12, 20, 24, 67, 12, 20, 24, 64, 12, 20, 24, 69, 12, 20, 12, 71, 12, 20, 
    12, 70, 12, 69, 12, 20, 12, 67, 16, 76, 16, 79, 16, 81, 12, 20, 12, 77, 12, 79, 12, 20, 12, 76, 
    12, 20, 12, 72, 12, 74, 12, 71, 12, 20, 24);
    const part_3 = list(55, 12, 20, 12, 48, 12, 20, 12, 79, 12, 78, 12, 77, 12, 75, 12, 60, 12, 76, 
    12, 53, 12, 68, 12, 69, 12, 72, 12, 60, 12, 69, 12, 72, 12, 74, 12, 48, 12, 20, 12, 75, 24, 20, 
    12, 74, 24, 20, 12, 72, 24, 20, 12, 55, 12, 55, 12, 20, 12, 48, 12);
    const part_4 = list(72, 12, 72, 12, 20, 12, 72, 12, 20, 12, 72, 12, 74, 12, 20, 12, 76, 12, 72, 
    12, 20, 12, 69, 12, 67, 12, 20, 12, 43, 12, 20, 12, 72, 12, 72, 12, 20, 12, 72, 12, 20, 12, 72, 
    12, 74, 12, 76, 12, 55, 12, 20, 24, 48, 12, 20, 24, 43, 12, 20, 12, 72, 12, 72, 12, 20, 12, 72, 
    12, 20, 12, 72, 12, 74, 12, 20, 12, 76, 12, 72, 12, 20, 12, 69, 12, 67, 12, 20, 12, 43, 12, 20, 
    12, 76, 12, 76, 12, 20, 12, 76, 12, 20, 12, 72, 12, 76, 12, 20, 12, 79, 12, 20, 36, 67, 12, 20, 
    36);
    const part_5 = list(76, 12, 72, 12, 20, 12, 67, 12, 55, 12, 20, 12, 68, 12, 20, 12, 69, 12, 77, 
    12, 53, 12, 77, 12, 69, 12, 60, 12, 53, 12, 20, 12, 71, 16, 81, 16, 81, 16, 81, 16, 79, 16, 77, 
    16, 76, 12, 72, 12, 55, 12, 69, 12, 67, 12, 60, 12, 55, 12, 20, 12, 76, 12, 72, 12, 20, 12, 67, 
    12, 55, 12, 20, 12, 68, 12, 20, 12, 69, 12, 77, 12, 53, 12, 77, 12, 69, 12, 60, 12, 53, 12, 20, 
    12, 71, 12, 77, 12, 20, 12, 77, 12, 77, 16, 76, 16, 74, 16, 72, 12, 64, 12, 55, 12, 64, 12, 60, 
    12, 20, 36);
    const part_6 = list(72, 12, 20, 24, 67, 12, 20, 24, 64, 24, 69, 16, 71, 16, 69, 16, 68, 24, 70, 
    24, 68, 24, 67, 12, 65, 12, 67, 48 );
    function list_to_sound(list_of_midi_note, duration, instrument) {
        const sound_maker = note => instrument(note, duration);
        const list_of_sounds = map(sound_maker, list_of_midi_note);
        return consecutively(list_of_sounds);
    }
    const full_song_list = append(part_1, append(part_2, append(part_2, append(part_3, 
    append(part_3, append(part_4, append(part_2, append(part_2, append(part_5, append(part_5,
    append(part_4, part_5)))))))))));
    const full_sound_list = list_to_sound(full_song_list, 0.065, cello);
    return full_sound_list;
}

// Keep this play function call in your submission
play(sounds_contest_entry());

//`);